[gd_scene load_steps=6 format=2]

[ext_resource path="res://Scenes/ghost.tscn" type="PackedScene" id=1]
[ext_resource path="res://Player Assets/flashlight.tscn" type="PackedScene" id=2]

[sub_resource type="Environment" id=1]
ambient_light_energy = 0.0
fog_color = Color( 0, 0, 0, 1 )
fog_sun_color = Color( 0.737255, 0.101961, 0, 1 )

[sub_resource type="CubeMesh" id=2]

[sub_resource type="SpatialMaterial" id=3]
albedo_color = Color( 0.611765, 0.101961, 0, 1 )

[node name="main_menu_animated" type="Spatial"]

[node name="Spatial" type="Spatial" parent="."]

[node name="spooky_light" type="SpotLight" parent="Spatial"]
transform = Transform( 1, 0, 0, 0, 0.832602, -0.553871, 0, 0.553871, 0.832602, 0, -0.697641, 2.5349 )
spot_range = 7.45323

[node name="spooky_light2" type="SpotLight" parent="Spatial"]
transform = Transform( 0.740382, -0.372304, -0.559664, 0, 0.832602, -0.553871, 0.672186, 0.410076, 0.616444, 1.47873, -0.697641, 2.5349 )
spot_range = 8.09153

[node name="ghost" parent="Spatial" instance=ExtResource( 1 )]
transform = Transform( 0.947149, 0, 0.320795, 0, 1, 0, -0.320795, 0, 0.947149, 0, 0, 0 )

[node name="flashlight" parent="Spatial/ghost" instance=ExtResource( 2 )]
transform = Transform( -0.207092, 0.201761, 0.0800337, 0.0325738, -0.0804761, 0.287163, 0.214597, 0.20692, 0.033646, -0.752919, 0.135439, 0.955062 )

[node name="SpotLight" type="SpotLight" parent="Spatial/ghost/flashlight"]
transform = Transform( 2.95514, 1.54216, -0.0029422, 0.161854, -0.316473, -3.31433, -1.53364, 2.93815, -0.355448, 0.053144, 1.95269, 0.541204 )

[node name="ghost2" parent="Spatial" instance=ExtResource( 1 )]
transform = Transform( 0.685323, 0, -0.728239, 0, 1, 0, 0.728239, 0, 0.685323, 5.01052, 0, 0 )

[node name="flashlight" parent="Spatial/ghost2" instance=ExtResource( 2 )]
transform = Transform( -0.207092, 0.201761, 0.0800337, 0.0325738, -0.0804761, 0.287163, 0.214597, 0.20692, 0.033646, -0.752919, 0.135439, 0.955062 )

[node name="SpotLight" type="SpotLight" parent="Spatial/ghost2/flashlight"]
transform = Transform( 2.95514, 1.54216, -0.0029422, 0.161854, -0.316473, -3.31433, -1.53364, 2.93815, -0.355448, 0.053144, 1.95269, 0.541204 )

[node name="Camera" type="Camera" parent="Spatial"]
transform = Transform( 0.988041, 0.022903, -0.152483, 0, 0.988907, 0.148534, 0.154193, -0.146758, 0.977081, 1.423, 1.60684, 4.2869 )

[node name="WorldEnvironment" type="WorldEnvironment" parent="Spatial"]
environment = SubResource( 1 )

[node name="Backdrop" type="MeshInstance" parent="Spatial"]
transform = Transform( 20, 0, 0, 0, 10, 0, 0, 0, 1, 0, 1, -3.5 )
mesh = SubResource( 2 )
material/0 = SubResource( 3 )
